The following gives a set of vertices for the Koebe realization of J19:
[-0.6532768329432656 -0.470871861574579 0.675848114406763; -0.9704446462396498 -0.38736638943196233 0.1159572041844155; -0.8118607395014141 -0.4291191256317074 -0.5118598634955275; -0.27042141472223136 -0.5716718836890577 -0.8398363650675871; 0.3367055149929263 -0.7315191911256509 -0.6758481141610535; 0.653873328241835 -0.8150246632318914 -0.11595720401040767; 0.49528942158492534 -0.7732719269839713 0.5118598636620694; -0.04614990323106411 -0.6307191690099737 0.8398363653119496; -0.6100211218015179 0.24177737238921557 0.8601940006888891; -1.013700357383154 0.34805998923229514 0.14758595786839632; -0.8118607395684961 0.2949186805413491 -0.6514759374401349; -0.12273717894827817 0.11348290434219237 -1.0689120641945897; 0.6499910887860875 -0.08996472240769515 -0.8601940007171448; 1.053670324405586 -0.1962473391962809 -0.14758595790187173; 0.8518307065506692 -0.1431060305610916 0.6514759374201775; 0.16270714593822583 0.03832974562131303 1.068912064160115; -0.38496214216003816 0.9898529129234127 0.36570648304682135; -0.13489073349815375 0.9240129056541 -0.6243000176731283; 0.5724180217582723 0.7377892439921643 0.6243000173613061; 0.8224894304273387 0.67194923672188 -0.3657064833580184]

The following gives a set of vertices for the Koebe realization of J20:
[-1.0911784149364365 0.012434367112114245 0.18091387006756868; -0.6298942682496836 -0.7295337757197136 0.5427416124413121; -0.8605363420384899 -0.35854970339616843 -0.4859473604045004; -0.6298942691818498 0.7969290705048528 0.4378264969933872; -0.5440630238354118 -0.8675919536916519 -0.23770812264013735; -0.8605363420384907 0.2886930073541172 -0.5304329120044765; 0.11647915418511352 -0.40360059863066955 1.0232760791304123; -0.5440630250782734 0.8269114637334495 -0.3541728091982619; -0.03199843615939511 -1.0439969036658638 0.11946585128491202; 0.11647915642937876 0.5398053179638758 0.9584349744662047; 0.4800661484866505 -0.8203838528383474 0.4491462484338801; -0.03199844046810697 1.0505245093006983 -0.024492419030955146; 0.4800661446640792 0.8741195586316799 0.33268155613552264; 0.7965394480882269 -0.2821653953776253 0.6254063589577312; 0.7965394603274462 0.36507730632423124 0.5809207967443692; -0.41476429734470216 -0.3385307146200277 -0.888808077469071; -0.14472581016306385 -0.7728833091682362 -0.6769919376438872; -0.41476433386566774 0.21374473036994956 -0.9267664068573068; -0.14472581803912427 0.6729925866044247 -0.7763682621006851; 0.29220561221574054 -0.923405082553922 -0.37222462727260963; 0.7291370936784827 -0.7326018552897446 -0.09091692660731486; 0.29220563863872295 0.8637958207739149 -0.49506049857112744; 0.7291370804637494 0.7132740476011307 -0.19029319143125434; 0.9991755646904116 -0.27335398742150574 0.05948131882006927; 0.9991755854516426 0.2789214566736434 0.021522903366685067]

The following gives a set of vertices for the Koebe realization of J21:
[0.8624524199722617 0.6080438655003326 0.1472565761182948; 0.8624523905823581 0.0478465538491891 0.6237889169176486; 0.8624524213181121 0.3279451923829257 -0.5327793017984304; 0.447515460408909 0.6219214562539038 0.7311124657576662; 0.8624523888818209 -0.5784730951098017 0.23826617151430785; 0.44751547727484114 0.8875135746452778 -0.3655562721277793; 0.8624524069128485 -0.40536261543278196 -0.47653228346839904; -0.13987270392204512 0.8866232847453034 0.5457491380940661; 0.447515443925053 -0.5031450004758132 0.8174086295648726; -0.1398727077424968 1.0380765990597292 -0.07962376661817559; -0.13987269725916185 0.3965100087905792 0.9626644197665533; 0.44751546781020063 -0.07340789127280938 -0.9570386714799964; -0.13987272143128418 -0.24505661159777758 1.0118746072472113; -0.1398727003360997 0.793019934916919 -0.6745830948711978; 0.4475154299557773 -0.9328821743546283 -0.2259261441878554; -0.1398726991898746 0.24505661835362352 -1.0118746072352043; -0.13987273826963062 -0.7930199288656348 0.6745830927607763; -0.13987274696505975 -1.0380765908570997 0.0796237747166268; -0.13987270494398193 -0.396509988603047 -0.9626644239075279; -0.1398727625859413 -0.8866232794059422 -0.5457491433627463; -0.6525415191720902 0.6785115575476681 0.4176487015379128; -0.652541477151061 0.7944151516355464 -0.060934134856186706; -0.6525415564097192 0.3034395820268107 0.7367039851737182; -0.6525414727176199 -0.1875359436512551 0.7743633970747149; -0.652541580621464 0.6068791173531877 -0.5162422541398219; -0.6525414468058527 0.1875359480928166 -0.7743634158127016; -0.6525415417743391 -0.6068790816446913 0.5162423106720878; -0.6525415743546308 -0.7944150934489148 0.060934174333941465; -0.6525415372646296 -0.3034395602509947 -0.7367040073615373; -0.6525415160143833 -0.6785115313496572 -0.4176487453740805]

The following gives a set of vertices for the Koebe realization of J22:
[-0.9586802300995715 -0.49118627752204413 0.28313578235207354; -0.16307341629597466 -1.064771714228425 0.28313578209923856; -0.5608768229856996 -0.7779789959554901 -0.5662715642968751; -0.5608768207940793 0.19491775466302066 0.9854625262556587; -1.0223990245380017 0.5276479552536679 9.063749350132107e-10; 0.36216758502625723 -0.4705426456030235 0.9854625253672818; 0.8236897871931202 -0.8032728453939311 -6.363100581364953e-10; -0.5608768229856973 0.19491775425746027 -0.9854625248446464; 0.36216758400871735 -0.4705426446670804 -0.9854625265289141; -0.23278136440816663 0.9725290926645449 0.4373819976905402; -0.23278136454475945 0.9725290929458351 -0.4373819967906941; 0.3817366853056286 0.529497940040924 0.8747639945860182; 0.9962547341030046 0.08646678755051465 0.43738199668348016; 0.38173668400952776 0.5294979403096509 -0.8747639950113008; 0.9962547335137649 0.0864667876820089 -0.4373819980600097]

The following gives a set of vertices for the Koebe realization of J23:
[-0.7293732744144364 -0.2345170671416863 0.732595881106639; -1.0495201656246265 -0.0799305866685736 0.12569358171998646; -0.8894467200204244 -0.15722382689661613 -0.5548383131317643; -0.3429217910838973 -0.42111945596478334 -0.9103534490644395; 0.269907729984171 -0.717030993404634 -0.7325958810982164; 0.5900546211735997 -0.8716174738676605 -0.12569358174318856; 0.42998117559214977 -0.7943242336570108 0.5548383130940827; -0.11654375332257817 -0.5304286045927491 0.9103534490552283; -0.8894467200204241 0.5517752483310931 -0.2718833597354043; -0.78803266780906 0.5028063474239649 0.5437667194725224; -0.19694825512430025 0.21739467691128592 1.0408856291524031; 0.5375572855884491 -0.1372694773666722 0.9282678541384785; 0.9852205701866648 -0.35342866398737605 0.27188335969195404; 0.8838065179598656 -0.3044597630635275 -0.5437667194600488; 0.29272210529422704 -0.01904809262699734 -1.040885629129956; -0.44178343536135817 0.3356160617599138 -0.9282678541785477; -0.2507363584083475 1.0842381834906203 0.09626939832375875; 0.46383535322577996 0.7391993000221194 0.6972446608639334; 0.2904511821079243 0.8229197718154285 -0.6972446608190752; 1.0050228936216212 0.4778808882229082 -0.09626939826009855]

The following gives a set of vertices for the Koebe realization of J24:
[-1.0879602280398453 0.011083799275602022 0.17897250608319268; -0.6397970824806858 -0.719854663073244 0.5369175263759873; -0.8638786568733062 -0.35438542891018404 -0.4827178314534521; -0.639797085534072 0.7806026818460514 0.443993930413232; -0.5514363769688649 -0.8639678926204664 -0.23317220123003682; -0.863878656875058 0.2921162682639351 -0.5227557964560269; 0.08534612499740671 -0.4020805907516232 1.0231611325290066; -0.5514363785609886 0.8285955319175085 -0.33799295399484414; -0.04589413953761007 -1.0419879402048835 0.13056315012275674; 0.08534611343476312 0.525253044924821 0.9657311989640677; 0.45964810439137715 -0.8204479497062773 0.4695536822845728; -0.04589414760935262 1.0501355178603353 0.0009975755314056936; 0.4596480853947265 0.8721154732571917 0.36473293470090706; 0.7720903592718211 -0.2839686828375969 0.6543165321499338; 0.7720903622257751 0.3625330029055775 0.6142785754267167; -0.37497488850122884 -0.6031003552651596 -0.7620704739688955; 0.012346087732401216 -0.9286846038137425 -0.47167795743541957; -0.5229183345778954 -0.05568700776438207 -0.8991901829604029; -0.3749748494202773 0.5044621415184127 -0.8306620558648719; 0.49110115149276223 -0.9080776295099755 -0.13893270040726902; 0.8784221766129148 -0.5491505433940016 0.10906790961482184; 0.012346049242883746 0.8633891976653084 -0.5826613535647229; 0.49110117228288414 0.8839961454734039 -0.24991617711611033; 1.0263655572326396 0.01099854156283061 0.17759613099648852; 0.8784221092527703 0.5584119077475743 0.0404764273264175]

The following gives a set of vertices for the Koebe realization of J25:
[0.8773184946417181 0.5765332932857811 0.1396253048142192; 0.8773183810106187 0.045367018193334 0.591462540238086; 0.8773185029133408 0.3109500622124591 -0.5051691469516036; 0.4950693643904754 0.6042413775530419 0.7103280865286414; 0.8773183518410578 -0.5484950530953142 0.22591871488297946; 0.49506944552700277 0.8622829873048469 -0.35516425031613674; 0.8773185017342401 -0.38435567452377806 -0.4518369125916892; -0.07946359757184578 0.8925943198821129 0.5494243435983063; 0.49506926116956473 -0.48884136285164587 0.7941711951571326; -0.07946362001551639 1.0450674948042347 -0.08016020538152663; -0.07946356043230463 0.3991804164931191 0.969147415954539; 0.4950694946560265 -0.07132109765493819 -0.9298316053834527; -0.0794636828386906 -0.24670678825656447 1.0186890773312312; -0.07946350824604208 0.7983603642004344 -0.6791262336834577; 0.4950692330227179 -0.9063620471694983 -0.21950317819864965; -0.07946342084097582 0.24670679221098993 -1.018689088959466; -0.07946373478748361 -0.7983603490197257 0.6791262113594495; -0.07946376446171916 -1.0450674545743692 0.08016028458174937; -0.0794633939773089 -0.39918031028205503 -0.9691474470310412; -0.07946390068462736 -0.8925943347574727 -0.5494243759146884; -0.5600904128657326 0.8465912451019909 0.20502801113152644; -0.5600904465035609 0.8054191125993097 -0.33174273146940686; -0.5600903981338261 0.5643942523804651 0.6634850122364468; -0.5600903965794329 0.0666178511582413 0.8685132617733672; -0.5600905776915709 0.45660402930058025 -0.7417990985460753; -0.56009053776694 -0.06661782439488362 -0.8685132775985134; -0.5600904123439352 -0.4566042623355978 0.7417989919098353; -0.5600904406319792 -0.8054190739902584 0.3317427888969508; -0.5600896104232409 -0.564394318771843 -0.6634854120421825; -0.5600905099373698 -0.8465912111815972 -0.20502792933413963]

The following gives a set of vertices for the Koebe realization of J26:
[-1.341640786542721 -1.862226487245892e-11 0.4472135955190671; 0.4472135955391863 -3.7634462303416144e-11 1.3416407864789557; -0.44721359546753153 9.596095854388128e-11 -1.3416407864981414; 1.3416407864710669 -8.360493160121783e-11 -0.4472135954998818; 0.4472135955710815 0.9999999999783877 0.2236067977375869; 0.22360679766633706 -1.000000000041371 -0.4472135955067364; -0.44721359546753214 1.000000000021612 -0.22360679777888592; -0.223606797758592 -0.9999999999586292 0.4472135955342765]

The following gives a set of vertices for the Koebe realization of J27:
[-1.1239029739421749 -0.15018785229460907 0.21821789025151053; -0.37463432457574947 -0.05006261723683895 1.091089451209246; -0.7492686492088412 -0.1001252348730083 -0.8728715609923109; 0.7492686492987439 0.1001252349207849 0.8728715608910392; 0.37463432472946445 0.050062617034339445 -1.0910894511505014; 1.1239029738763278 0.15018785230083556 -0.2182178902397074; -0.4995124328349394 -1.0179398877401424 -0.2182178903019468; 0.24975621639300732 -0.9178146529705805 0.6546536707627512; 0.6243905411347698 -0.8677520357475275 -0.43643578003536604; -0.7492686492181647 0.8510644963847344 -0.2182178902901323; 6.200669395945056e-11 0.951189731245762 0.654653670651587; 0.37463432467323066 1.0012523485984706 -0.43643578049678866]

The following gives a set of vertices for the Koebe realization of J28:
[-0.5692785911946082 -0.3208955012154511 0.8628562094882986; -0.9340464002065392 -0.5265107314488844 0.1480427207071879; -0.7516624958339277 -0.4237031161707374 -0.6534921856410665; -0.12896489634165978 -0.07269596092714828 -1.0722202331606272; 0.5692785912494204 0.3208955013398806 -0.8628562093127918; 0.9340464002498883 0.5265107313260797 -0.14804272073535832; 0.7516624960136179 0.4237031158004917 0.6534921858523085; 0.12896489593107155 0.07269596153686342 1.0722202329983301; -0.1702823135314584 -1.0570174186221086 0.3909444779889448; 0.07053324293279557 -0.9212725828073037 -0.6673839707520328; 0.7516624954463762 -0.5373282090898437 0.6673839698344872; 0.9924780517769809 -0.4015833731810153 -0.39094447888520373; 0.17028231377358694 1.057017418546596 -0.3909444779453767; -0.07053324261396765 0.9212725828766807 0.6673839705500061; -0.7516624963610267 0.5373282092798746 -0.6673839693361594; -0.9924780517032438 0.4015833735832028 0.3909444787570414]

The following gives a set of vertices for the Koebe realization of J29:
[-0.6474641812862612 -0.0885560327552381 0.8628562094912758; -1.0623297575349961 -0.14529870744519768 0.1480427207959609; -0.8548969694016307 -0.11692737001638209 -0.653492185944539; -0.1466771311379269 -0.02006156495557563 -1.072220232978042; 0.6474641813894899 0.08855603329444592 -0.8628562094674018; 1.0623297575072945 0.14529870737874223 -0.14804272058273218; 0.8548969694133415 0.11692736986682942 0.653492185904017; 0.1466771311660387 0.02006156495626279 1.0722202330072683; -0.5477790647928821 -0.919902160837532 0.3909444783775829; -0.27388953232952784 -0.8824412924943078 -0.667383970The following gives a set of vertices for the Koebe realization of J20:
46765827076814 -0.7390250881526532 -0.39094447886741074; 0.6279994517021145 0.9308741949407435 0.19547223943714293; -0.30711790452042653 0.8029747905832122 0.7483512229094097; 0.08022038663386025 0.8559524582796478 -0.7483512228827782; -0.8548969693486126 0.7280530544761524 -0.19547223926108673]

The following gives a set of vertices for the Koebe realization of J30:
[-0.9443103724814934 -0.4483663441802772 0.11321815613025873; -0.703847394968903 -0.33419254134330295 0.7060361171457591; -0.8240788836554714 -0.39127944273252074 -0.5228452930474063; -0.3890772698987569 -0.18473709223352952 -0.9591996113125169; -0.19453863634810872 -0.09236854666917597 1.0291722786753523; 0.3890772686641653 0.1847370933469064 0.959199611118213; 0.1945386381601892 0.09236854858102196 -1.0291722786780861; 0.7038473983085154 0.3341925415529861 -0.7060361139542642; 0.8240788818519449 0.3912794433466594 0.5228452950571969; 0.9443103740664223 0.448366341105126 -0.11321815215179522; -0.42763730187574933 -1.0154427435775448 -0.17197018519946675; 0.23309866828969752 -0.7017198616620797 -0.8347608152217626; 1.0067018140077655 -0.3344067148546671 -0.3439403682518928; 0.8240788826242275 -0.4211175863021587 0.6221939777543454; -0.062391442074131255 -0.8420209987916271 0.7284773961921013; -0.8240788837246577 0.42111758741100774 -0.6221939754274244; -1.0067018136191828 0.33440671401961203 0.34394037135197286; 0.06239144279479248 0.8420210024105765 -0.728477392849585; -0.23309866781807295 0.7017198604002127 0.8347608155520679; 0.42763730786093584 1.0154427476009218 0.1719701686866729]

The following gives a set of vertices for the Koebe realization of J31:
[-1.0561045096772947 -0.29859027325489673 0.1976321972934064; -0.3813840881610033 -0.6302709420017435 0.8371834258380003; -0.7187442973412287 -0.4644306103799722 -0.715040008755495; 0.372976276370721 -1.0011012057427708 0.3197756159021763; 0.16447620022165763 -0.8986062442309485 -0.6395512246015712; 1.0561045093536092 0.29859027259459214 -0.19763219823081216; 0.9408485020787629 -0.46250454525309126 0.08041424465646838; 0.8035805559170544 -0.39502604312274037 -0.551167419494002; 0.38138408825352843 0.6302709419865384 -0.83718342582804; -0.2221042026227729 0.1091825104283861 -1.021920599514298; 0.3593721500977954 -0.17666101859621333 -0.9722218632262286; 0.718744298062541 0.4644306100406973 0.7150400086450422; 0.2221042024267371 -0.10918251046145502 1.021920599490897; 0.7187442986632702 -0.35332203133668116 0.6812804006348222; -0.37297627615844126 1.0011012057907687 -0.31977561586367903; -0.9408485019001438 0.46250454558005727 -0.08041424459781467; -0.7187442987955749 0.3533220314843268 -0.6812804004560763; -0.16447620009075445 0.8986062440739684 0.639551224862664; -0.8035805559844539 0.3950260429111144 0.5511674196593694; -0.359372150169766 0.1766610184570756 0.972221863193526]

The following gives a set of vertices for the Koebe realization of J32:
[0.8422301215856992 0.6476643142464774 0.15685187913289808; 0.8422299678035688 0.050963696819427674 0.664435591494084; 0.842230133695243 0.34931392158955255 -0.5674953323236104; 0.3863868666385457 0.6414360636862909 0.7540535499191764; 0.8422298631652767 -0.6161670126738227 0.2537911177667034; 0.3863875222587362 0.9153614791314487 -0.3770272809737699; 0.8422300096290144 -0.4317759589277183 -0.5075832871038711; -0.21159435557503858 0.8751515659935848 0.5386873055449092; 0.38638703963959076 -0.5189337860622347 0.8430565762608035; -0.21159365780238767 1.0246449547476926 -0.07859483102153049; -0.21159450612304442 0.3913789881669316 0.9502087763602513; 0.3863881659070524 -0.0757113895156349 -0.9870679036946823; -0.21159419789769143 -0.2418873976518089 0.9987816251437038; -0.21159260431231353 0.7827582662928999 -0.6658559626039333; 0.38638775174135137 -0.9621534152624676 -0.23301602118116102; -0.21159168096858474 0.24188498519891594 -0.9987825170257018; -0.21159338533664634 -0.7827604733951161 0.6658531725688043; -0.2115924113855919 -1.0246452889535278 0.0785917157080795; -0.2115912471528429 -0.39137957944264307 -0.950208908209028; -0.2115917905698974 -0.8751509528626059 -0.5386888476232902; -0.8183833754578955 0.4602464444311413 0.5410575753488189; -0.8183881420782722 -0.37234835538788197 0.6049149048369488; -0.8183856647318949 -0.6903723160413737 -0.1671977391310893; -0.8183789316704408 -0.05432620639927457 -0.7082537311914144; -0.8183987958761204 0.6567851703798084 -0.27053392300633433]

The following gives a set of vertices for the Koebe realization of J33:
[0.8422298527607607 0.6476645970260329 0.15685195765791546; 0.842229850131773 0.050964290779652775 0.6644355598745177; 0.8422298527753692 0.34931444252588884 -0.56749571460457; 0.38638693963264586 0.6414360766774333 0.7540533270497354; 0.8422298496457888 -0.6161669349672301 0.25379180348853037; 0.386386941169022 0.9153619789780819 -0.3770266671129609; 0.8422298537525307 -0.4317764003490281 -0.5075835953051299; -0.21159362998023892 0.875151286655199 0.5386877379184044; 0.3863869377726977 -0.5189326828141346 0.8430572537983025; -0.21159363071349238 1.0246449713560863 -0.07859348623420527; -0.21159362881674207 0.3913795554872925 0.9502085546062716; 0.38638694295804227 -0.07571125953926756 -0.987068621481058; -0.21159363074285928 -0.24188586234100967 0.9987819992589654; -0.21159362859038047 0.7827591027227178 -0.6658546694933838; 0.38638693750108266 -0.9621541140425712 -0.23301528643834857; -0.21159362655429087 0.24188586302767992 -0.9987819999469711; -0.2115936320612636 -0.7827591014043762 0.6658546694683524; -0.21159363194284775 -1.024644970372765 0.07859348917543886; -0.2115936254589413 -0.3913795535510198 -0.9502085557580057; -0.21159363511125936 -0.8751512870090147 -0.5386877376087938; -0.8183864829036164 0.690371762941024 0.16719481388117785; -0.818386472230857 0.05432489153273072 0.7082486087087507; -0.818386481483751 -0.6567971333066134 0.2705268989680129; -0.8183864774285563 -0.46024784447344264 -0.5410537925062624; -0.8183864920871141 0.3723483189222499 -0.6049165241737986]

The following gives a set of vertices for the Koebe realization of J32:
[0.8944272233623827 0.5372554145062142 0.13011295923266133; 0.8944271223569777 0.04227623032415383 0.5511676015066002; 0.894427227549243 0.289765752706006 -0.47075315421354025; 0.5527863755776482 0.5795318512137666 0.6812802883167315; 0.8944270504418498 -0.5111274938338198 0.21052737757991702; 0.5527864900132374 0.8270211885372737 -0.34064032836286673; 0.8944271696443186 -0.3581704676087369 -0.421054415063801; 6.325209175711348e-8 0.8954259048204425 0.5511671835701951; 0.5527861799336525 -0.46885101112731997 0.7616948170033051; 1.0919006294290559e-7 1.0483827109120238 -0.0804145251558034; -1.1728518942151298e-8 0.4004468108680429 0.9722217702870114; 0.5527864456821716 -0.06840446839577054 -0.891807563815323; -2.2975668993035057e-7 -0.24748936512131947 1.0219206568707326; 2.2194406962265864e-7 0.8008929892719442 -0.6812805481570006; 0.5527861316465489 -0.8692978049742848 -0.2105270455683169; 2.440994581337236e-7 0.24748953186542005 -1.0219205818841492; -3.4534288027024275e-7 -0.8008930032482566 0.6812805672045268; -3.5201307621078974e-7 -1.0483827196583453 0.08041445094103444; 1.6276433245773616e-7 -0.4004464393759054 -0.9722218865580299; -4.240526530235158e-7 -0.8954258102437764 -0.5511674637611362; -0.5527857090927896 0.06840479327471828 0.8918077517436114; -0.5527867202867386 -0.8270210532887147 0.34064031314854853; -0.5527864965065595 -0.5795314693868628 -0.6812806285791301; -0.5527862186749378 0.4688509455611747 -0.7616948437928399; -0.5527859004489869 0.8692978201202424 0.21052697606752088; -0.8944268790006419 0.35817079060515733 0.4210551489843128; -0.8944268727056393 -0.2897656752719785 0.47075368434537335; -0.8944277118737649 -0.5372548454301679 -0.13011284076848403; -0.8944259274746288 -0.04227613326725407 -0.5511687948061257; -0.8944300531793611 0.5111245826415338 -0.21052575158552775]

J35 is missing due to Polymake issues
