The following gives a set of vertices for the Koebe realization of J36:
[-0.9424423896100985 -0.43449226295958504 0.1961901936801024; -0.4714934914288932 -0.924486381958801 0.19619019187234357; -0.7069679394136903 -0.679489323567808 -0.3923803855540987; -0.7069679370867595 0.014011614673670807 0.8660254117799285; -1.053446109653774 0.37450140489832934 2.201457544385189e-9; -0.014011607422309716 -0.7069679466199339 0.8660254011049243; 0.3324665529113712 -1.0674577215206256 3.3402345956398385e-10; -0.7069679394136904 0.014011616960576154 -0.8660254104268386; -0.014011605877299332 -0.7069679455024095 -0.8660254034945813; 0.014011631671219334 0.7069679308451507 0.8660254112989828; -0.33246651495536356 1.067457746590652 -6.0313778825537576e-9; 0.7069679490389039 -0.014011624591524515 0.8660253967959708; 1.053446106314095 -0.37450139752491896 -1.4630006840514582e-9; 0.014011624615383196 0.7069679221686088 -0.8660254144193185; 0.7069679484291427 -0.014011618431038228 -0.8660253978731314; 0.7069679276092232 0.6794892656424115 0.39238044759613816; 0.942442378457152 0.43449234723129854 -0.19619021231021375; 0.47149343915036795 0.9244863935664676 -0.19619020611496493]

The following gives a set of vertices for the Koebe realization of J37:
[-0.7114575954485239 0.06918390598128368 0.7971751918480146; -1.0567147153644953 -0.10532611815338883 0.1367736396055366; -0.8840861556101004 -0.01807110481726445 -0.6037480549511546; -0.29469538546579754 0.27983614460772555 -0.9906023276066541; 0.36620047606133743 0.6138856042972699 -0.797175191424481; 0.7114575954986649 0.7883956310663959 -0.13677363894501365; 0.5388290347130203 0.7011406176477635 0.6037480558893116; -0.050561734669511096 0.40323336620806904 0.990602328276801; -0.36620047364670255 -0.6138856062863373 0.7971751911602919; -0.7114575956872761 -0.7883956309453586 0.13677363897298014; -0.5388290368511763 -0.7011406161023432 -0.6037480550031366; 0.05056173397208221 -0.4032333689691025 -0.9906023274525488; 0.7114575962169001 -0.06918390895296059 -0.7971751911271661; 1.0567147156816756 0.1053261181598429 -0.13677363838592602; 0.8840861545708173 0.018071105293515927 0.6037480566051264; 0.29469538515201377 -0.27983614439702476 0.9906023270658557; 9.389384111626506e-9 -1.0351900815717965 0.2735472744624421; 0.17262854760497937 -0.9479350582088367 -0.4669744216783675; 0.6608958600778526 -0.7011406141436609 0.4669744193387399; 0.83352442149886 -0.6138856027741125 -0.2735472785557495; 0.050561733838478264 1.0607464785932064 0.1367736399871548; -0.538829036341379 0.7628392286647283 0.5236279117910978; -0.29469538554698516 0.8862364520781207 -0.5236279119334347; -0.8840861556256988 0.5883292022046841 -0.136773639627553]

The following gives a set of vertices for the Koebe realization of J38:
[-1.0591483853929948 0.00010797495411972324 0.15681931044374667; -0.7363482321296159 -0.6187471540880971 0.4704585087922929; -0.8977484072378843 -0.309319399460659 -0.44029555385091257; -0.7363481197791608 0.6193946450113158 0.4696061071209416; -0.6370354256272701 -0.8091443373693596 -0.18698226001792506; -0.8977484072378844 0.30871250228493013 -0.44072137043783327; -0.2140444346688251 -0.3819354696700412 0.9770870225832756; -0.637035177725619 0.8088862793792937 -0.1880968151686827; -0.21519161165801867 -0.9998471528529003 0.22246275076637642; -0.2140441515256755 0.3832802218525869 0.9765604261678; 0.20665410668980452 -0.8085843657563433 0.6316464656164221; -0.21519081451160763 1.0001528576704795 0.221085582619939; 0.20665515248486202 0.8094530218771682 0.6305327022828185; 0.46737037655766983 -0.3084099519239793 0.8842739446469662; 0.4673708270995328 0.3096261487128611 0.883848619840816; -0.4673712730926547 -0.30962501661636 -0.8838479686500827; -0.20665809124508985 -0.809449648354761 -0.6305351764721538; -0.4673710917723611 0.30840667056187365 -0.884273980469823; -0.20665742950699556 0.8085801665025382 -0.6316501463673122; 0.21518647447561573 -1.0001523769699376 -0.2210913711535298; 0.6370329354967115 -0.8088896540955256 0.1880912634964896; 0.21518782394581953 0.9998466638195252 -0.22246906764369823; 0.6370343161446996 0.8091469091593314 0.1869771409436961; 0.8977496919414739 -0.30871550430889905 0.44071792570325763; 0.8977503664540782 0.30932030758642576 0.44029238894387; 0.21404213457290863 -0.38327350422038353 -0.9765640977641871; 0.2140357544895309 0.3819368872977882 -0.977085700685135; 0.7363293427239558 0.618765246992042 -0.47043757688103427; 1.0591427836404408 -0.00010921276316750903 -0.15679769694446516; 0.7363434698606343 -0.6193960260538698 -0.4696088676980198]

The following gives a set of vertices for the Koebe realization of J39:
[-1.059148551217997 0.00010785601695859285 0.15681971841572845; -0.7363474897760018 -0.618747645076276 0.4704591495270077; -0.8977480193416212 -0.30931989627932427 -0.4402967184237551; -0.7363474882441574 0.61939419866605 0.4696075930253112; -0.6370339614552664 -0.8091457904537581 -0.18698215019998365; -0.8977480193416205 0.3087139539693814 -0.4407217875718357; -0.21404440874979203 -0.3819350392175453 0.9770868444127543; -0.6370339578845959 0.8088878261373298 -0.18809499296434842; -0.21518976194112588 -0.9998472273685514 0.22246435349296925; -0.2140444064853478 0.3832786963240733 0.9765605549037526; 0.20665443316542303 -0.808582752268837 0.6316481431439843; -0.21518975059542333 1.0001522946682722 0.22108881087323864; 0.20665444724300308 0.8094508388514122 0.6305353126416056; 0.4673684917586819 -0.30840889385248976 0.8842749285096955; 0.46736849187274526 0.3096249428051598 0.8838498670453521; -0.46736849505942396 -0.3096249722627505 -0.8838498564745737; -0.20665444579546718 -0.8094508588593428 -0.6305352858850966; -0.46736848125965486 0.3084088895262816 -0.8842749429229797; -0.20665443679104656 0.8085827645422567 -0.6316481259309922; 0.21518976585140356 -1.0001522995838814 -0.22108878450268185; 0.6370339479549474 -0.8088878198226208 0.18809502745953618; 0.21518977829065947 0.9998472323156209 -0.22246433411751865; 0.6370339715301282 0.8091457740924095 0.18698218355947732; 0.8977480110339844 -0.3087139588441155 0.4407218001485193; 0.8977480096305095 0.3093198798825048 0.44029674258352575; 0.12482427268251316 -0.0007319068584523122 -1.063393808417563; 0.44762554341942545 0.6185547878483024 -0.750606217980062; 0.9699286473859061 0.3824393147496596 -0.24365316468363726; 0.9699284637477501 -0.38277438135160147 -0.2431265376796459; 0.44762522891099993 -0.619586790633189 -0.7497544845134172]

The following gives a set of vertices for the Koebe realization of J40:
[0.9180419037519019 0.4763101748120895 0.11535309221264414; 0.918041829744218 0.037483580942498325 0.48864401054416523; 0.9180419071036948 0.25689687786239235 -0.4173525250407492; 0.6382300772327772 0.5353882616269402 0.6293820004637338; 0.9180417853302252 -0.4531461397835503 0.186649700102805; 0.6382277733608448 0.764026965075424 -0.3146896558336524; 0.9180418642167006 -0.31754287575393125 -0.3732917993155465; 0.13202824008639605 0.8875857870625141 0.5463419351732853; 0.6382271535757938 -0.4331304063067432 0.703680263394023; 0.13202382396421306 1.0392053980358251 -0.07970263496249844; 0.13202773271266552 0.3969484100997287 0.9637065208538496; 0.6382234769994926 -0.0631926209839866 -0.8238820818951216; 0.13202235856387626 -0.24530817298726132 1.012978276424122; 0.13201625976753997 0.7938903491015131 -0.6753091636336842; 0.638223005655463 -0.8030883795636615 -0.19448612926760772; 0.13200833920560084 0.24533242578016828 -1.01297607154273; 0.13201431998373972 -0.7938722630220508 0.6753311305885934; 0.13200665644879558 -1.039208007882984 0.0797249232459277; 0.13200308418241546 -0.3969409679968249 -0.9637163218893149; 0.1320021465310808 -0.8875951168628331 -0.5463394005426986; -0.46690113956562923 0.7918301733784952 0.48740351081085814; -0.4669076453882322 0.9270906749030675 -0.07109560734264662; -0.4669023695317189 0.35412810844434905 0.8597381382826433; -0.466909682987909 -0.21883400833218097 0.9036933338888149; -0.4669206869950818 0.7082422499070531 -0.6024404872239172; -0.46693175513955376 0.21886968115402272 -0.9036747419684669; -0.4669232514198693 -0.7082112973565671 0.6024750006040883; -0.4669348390967648 -0.9270761543084713 0.07113023780317353; -0.4669409264852067 -0.3541057091927933 -0.8597290777065769; -0.4669414670661408 -0.7918209277105088 -0.4873848068086519; -0.8943433838139703 0.5374726098934484 0.1301177942230048; -0.8943397924028977 0.04232681752065899 0.5513843165258513; -0.894333192394769 -0.5113195315507166 0.2106287959487375; -0.8943836832131831 -0.3582784067037385 -0.4211800154115187; -0.8942139811596906 0.2899479984490681 -0.47102517027213375]

The following gives a set of vertices for the Koebe realization of J41:
[0.9180420838292137 0.4763107624953429 0.11535337007866284; 0.9180420340395012 0.03748052677990116 0.4886446623478999; 0.9180420856209636 0.2568955607706745 -0.4173523936154659; 0.6382270580977502 0.5353883013347791 0.6293868378065565; 0.918041998842897 -0.45314652281852 0.18664579658923985; 0.6382269520187769 0.7640266051169087 -0.31469352899039965; 0.918042059353682 -0.3175407368572927 -0.3732911260507305; 0.13201640881060633 0.8875884227485517 0.546343616132034; 0.6382271050703383 -0.4331381707523582 0.7036757934205452; 0.13201612397824328 1.0392068947343354 -0.07971032739754612; 0.13201672760754804 0.3969413815813162 0.9637125697966544; 0.6382269775667837 -0.06319438591840591 -0.8238780637196047; 0.13201687756884364 -0.24532346425538773 1.0129761417822107; 0.13201605539706543 0.7938832860332194 -0.6753177498472116; 0.6382270047185972 -0.8030827010159071 -0.19449073389601845; 0.13201615806031905 0.24532297285981808 -1.0129764608087217; 0.13201689201465241 -0.7938830373119352 0.6753176761356641; 0.13201674900995325 -1.0392066469680026 0.0797110953649599; 0.13201639025742407 -0.39694227479606 -0.9637122857341482; 0.13201638903723983 -0.8875889906515746 -0.5463427197360187; -0.4669206271156531 0.7918240905360078 0.48739731349314497; -0.46692074741971745 0.9270839707287167 -0.07110971563920766; -0.46692045044096564 0.3541139808250581 0.8597354856306072; -0.4669193556502347 -0.21885517050106437 0.9036839967360303; -0.4669217454053636 0.7082287935197475 -0.6024556944595288; -0.46692051826598946 0.21885407541426596 -0.9036837349133755; -0.4669200607418302 -0.7082291537207395 0.6024563022319886; -0.46691993918672825 -0.9270843013667361 0.07111088680312126; -0.4669208640503879 -0.35411531427222365 -0.8597347264671839; -0.4669201435769738 -0.7918250148479188 -0.4873962005668968; -0.8943492649026921 0.3583016833654025 0.42121264219174076; -0.8943199324308693 -0.2898678425214069 0.4709640861494261; -0.8943301311448327 -0.5374746062328372 -0.13016539190562582; -0.8943412631662395 -0.04228893412894776 -0.5513826925522848; -0.894335540006156 0.5113375411691874 -0.21059658011721108]

The following gives a set of vertices for the Koebe realization of J42:
[0.9428475298028723 0.40031577750173203 0.09694881895740186; 0.9428475255560769 0.03150056246254485 0.4106817620113398; 0.942847529918712 0.2159081587659786 -0.3507641102862404; 0.7360679401363782 0.47075317912646025 0.5534036077361796; 0.942847527215161 -0.38084733203941096 0.1568664760620847; 0.7360679218391211 0.6717888475408834 -0.27670181999007726; 0.9428475290621378 -0.26687720356909633 -0.31373291830535077; 0.30901687173474185 0.8516004951847691 0.5241914706461727; 0.736067973904488 -0.38084733850864433 0.6187239636907456; 0.30901682307741896 0.997071305499551 -0.07647847616034281; 0.30901695181467487 0.38084721849449577 0.9246379968881153; 0.7360679420168841 -0.05556495303689496 -0.7244146912073782; 0.30901702133375547 -0.23537667240733842 0.9719042062424862; 0.3090168237967858 0.7616946534618968 -0.6479362620454714; 0.7360679718035121 -0.7061297788722367 -0.17101104681956622; 0.3090168702342535 0.23537646721605013 -0.9719043268250424; 0.3090170620806536 -0.7616946254717233 0.6479361249889053; 0.3090170593883973 -0.9970711892616928 0.07647855847978094; 0.3090169446066491 -0.38084747773330574 -0.9246378922706202; 0.3090170089422279 -0.8516005616869391 -0.5241912427173406; -0.30901718926215305 0.8516003629609182 0.5241914922122184; -0.30901726854793227 0.9970711638147939 -0.07647841997938232; -0.30901705315063344 0.3808470935846457 0.9246380153764674; -0.3090168747614758 -0.2353767701877263 0.9719042195764915; -0.3090173063078489 0.7616945192415625 -0.6479361963738014; -0.30901716869466656 0.23537634690464632 -0.9719042511983597; -0.3090168212418725 -0.7616947016896948 0.6479361523653289; -0.30901680930324055 -0.997071260588317 0.07647859171952895; -0.30901705226128595 -0.38084756761269634 -0.9246378194325787; -0.3090168942403501 -0.8516006357741502 -0.524191179083189; -0.7360679432458037 0.4707528722508087 0.5534037134078114; -0.7360690088084132 -0.3808463870107672 0.6187237506152272; -0.7360674945741204 -0.7061301670603425 -0.17101098931395844; -0.7360681589008434 -0.05556502351322908 -0.7244145168748317; -0.7360683027418635 0.6717887519002194 -0.2767011677654564; -0.9428482615661146 0.03150183731539992 0.4106798620520608; -0.9428478966104193 -0.3808470834983508 0.15686564097677133; -0.9428480777268569 -0.2668772517526005 -0.31373180497828324; -0.9428439130882789 0.21591132392284812 -0.350769217467549; -0.9428451169606897 0.40031968444509647 0.09695272348394819]

The following gives a set of vertices for the Koebe realization of J43:
[0.9428475136730519 0.4003162269227321 0.09694920119494255; 0.9428474615934773 0.0314998124713558 0.4106819329737628; 0.942847515538852 0.2159076018102529 -0.3507649802694396; 0.7360672736428987 0.4707522803526205 0.5534055845267697; 0.9428474326643509 -0.38084703631242967 0.15686655214893844; 0.7360665134803094 0.6717904504416853 -0.27670331219849076; 0.9428474900195836 -0.26687810776842 -0.313732087846944; 0.30901296817546475 0.851599934979315 0.5241957646317994; 0.7360687323642707 -0.380847830768713 0.6187222456712899; 0.30901116776815635 0.9970739227259523 -0.07647806872395851; 0.3090162008045807 0.3808422519968726 0.9246403896843804; 0.7360675452404957 -0.05556806614415696 -0.7244149914326232; 0.3090194946837509 -0.23538092281799353 0.9719019591226814; 0.3090115678115586 0.7616943923092935 -0.6479402581664458; 0.7360688459588732 -0.7061288882866631 -0.17100882080993243; 0.30901392493218754 0.2353709316009984 -0.9719070278997057; 0.3090217398227121 -0.7616940723258414 0.6479333678503898; 0.30902204719467236 -0.9970686815621499 0.07648050064300752; 0.3090173352680531 -0.3808536195116277 -0.924635127955632; 0.3090201556466049 -0.8516020980004367 -0.5241859666580105; -0.3090246958317601 0.8515949506920117 0.5241969009690306; -0.30902772617287966 0.9970687419689049 -0.07647627926887904; -0.3090188443365 0.38083705014573954 0.9246417876958732; -0.3090109666595981 -0.23538579587673564 0.9719032514108357; -0.3090283269939633 0.7616892370433789 -0.6479387167151109; -0.3090220102647846 0.23536573863229737 -0.97190545977315; -0.3090076639182311 -0.7616987143083461 0.6479348429084814; -0.309006508267874 -0.997073380277775 0.07648161347931638; -0.3090163800079333 -0.380858354382872 -0.9246336109855072; -0.3090096864292091 -0.8516067496813919 -0.5241843722257118; -0.7360617629646149 0.055532922260561016 0.7244247394329737; -0.73604469295998 -0.6718075584565523 0.2767009882425716; -0.7360770652757275 -0.4707619756611707 -0.5533895093509661; -0.7359872742279691 0.3808510923344335 -0.6187784239988071; -0.7360585240810094 0.7061352738117609 0.17100314017441876; -0.942878448486526 0.2668539650400716 0.3136990317806957; -0.9428318742685431 -0.21596576504437337 0.350760880547049; -0.9428255452349091 -0.4003634221269993 -0.09692150355433057; -0.9428044859614153 -0.03141475543714886 -0.4107964847841294; -0.9428670339605055 0.3808103847043587 -0.15685648350978865]

The following gives a set of vertices for the Koebe realization of J44:
[-0.9423052635632764 -0.4482809201208595 0.2108257490783388; -0.4176178647725578 -0.9562898681575387 0.21082574888208455; -0.6799615640192301 -0.7022853942299709 -0.42165149799560786; -0.6799615632583128 0.04187943334193819 0.8965754720876112; -1.0518499235098886 0.4019464287229827 7.310843245825611e-10; 0.06381515721856626 -0.6782545543608774 0.8965754729453078; 0.4357035164135385 -1.0383215484994 -5.048471870845607e-10; -0.6799615640192315 0.04187943378382356 -0.896575471861247; 0.06381515659874026 -0.6782545539934254 -0.8965754729844467; -0.33605632965308874 0.9418418879442324 0.517638091310464; -0.3360563259805714 0.941841890755658 -0.5176380927229477; 0.30807320273280137 0.31818755934793264 1.0352761805640773; 0.9522027380171304 -0.3054667672123768 0.5176380897802739; 0.3080731996640531 0.3181875583371941 -1.0352761815795621; 0.9522027377190859 -0.30546676709349313 -0.5176380898782998; 0.5284973591207373 0.8489349448181133 0.36516090930550027; 0.9828899745805522 0.40898629189532903 9.301809759600767e-11; 0.528497360639215 0.8489349447075485 -0.36516090958416375]

J45 is missing due to Polymake reasons.
