The following gives a set of vertices for the Koebe realization of J86:
[-0.1631142225269758 -0.8595133675840612 0.8337476604402765; -1.1681878986468046 -0.13639784478030256 0.27791574151428255; -0.665650905045121 -0.4979560275458566 -0.7798574140894188; 0.589020082952563 -0.07066146637431729 -1.1570128651062772; 0.14453126410802608 -1.080853583980086 -0.3318055430981246; -0.48745033009700933 0.8243250223487986 0.6181497414761482; 0.7422821525200087 1.0665726928960761 0.04534961271657116; 0.3227316186188422 0.24142744230630755 1.0662015966272034; -0.6656507833329373 0.8242530122229125 -0.6947559765437542; 1.136289200212835 -0.472180545818892 0.30176389144463234]

The following gives a set of vertices for the Koebe realization of J87:
[-0.10732038892753219 0.7949435866611024 0.9986811108217232; -1.229823921264206 -0.1324078462406277 0.33289370359440773; -0.6685721550750682 0.3312678701738115 -0.9442083613881415; 0.7058964905928071 -0.10396286522440905 -1.0453204494736026; 0.2702515626788448 1.106873019753019 -0.3873664530303297; -0.25237400151362216 -0.9192990648730868 0.5630906924521072; 0.7185789173771262 -0.9232188778865827 0.07440960242538308; 0.4140557280542161 -0.368731029370349 0.9583683098302719; -0.41051655772183765 -0.9815846170163413 -0.6095828978093398; 1.1457885636241905 0.30415012070263553 0.3135040430633205; -0.6685721550970469 0.8310030527978154 -0.030275829677048956]

The following gives a set of vertices for the Koebe realization of J88:
[-1.150113556758425 -0.06062989121809308 0.43115969063020376; -0.3208544219559874 -1.0546751885931316 0.35014470565582356; -0.6924902363480854 -0.6091897929410401 -0.8266033388658037; -0.3190489980154407 -0.3814516952593532 0.917758610626385; -0.6924902363465252 0.8195742786881342 -0.6009085823183866; -0.17102941849816167 0.43163196609723137 1.0349467246978097; 0.6922361027424491 -0.9124875074423647 -0.4712788317872396; 0.6925495792935727 -0.4642298717755964 0.9039920097511247; 0.3207082310130878 0.1793225139787959 -1.09675808456595; 0.171283549329792 1.0900453347542796 0.2629354457495708; 1.1501729011091024 0.4159743016297505 -0.12807625967122457; 0.31912658778895586 0.846031240805103 -0.5215054053003443]

The following gives a set of vertices for the Koebe realization of J89:
[-1.1365645788747998 -0.007977620330990115 0.37722197639149946; -0.4983315555683533 -0.9544931809100258 0.2787759214316121; -0.7695580320151802 -0.5522575228386317 -0.6332595088539019; -0.2834812127075453 -0.3772077040063762 0.9925642300012569; -0.7695580324828267 0.5595148873110706 -0.644024394125871; -0.37321538894921613 1.06599513577468 0.39812529137653657; 0.24467690664019656 0.3658695647915319 1.0070271463628706; 0.3858889482870954 -0.8450861984362917 0.5871541853346636; 0.3288401976110064 -1.0322709344119123 -0.5103135762155147; 0.061087928360358236 -0.021092681680991477 -1.1471125745462363; 0.27996421903063634 0.924338404247982 -0.6045197200824007; 0.7321951188418042 0.7767618485200974 0.3124722781585176; 0.9140470675856569 -0.10200892971567505 0.6016171016956358; 1.0921893869923731 0.041701821517875014 -0.4894102617690182]

The following gives a set of vertices for the Koebe realization of J90:
[-0.9831283233083965 -0.39718975619075814 0.27474913836973985; -0.31711713634192473 -1.0160533324911498 0.284123196005584; -0.6557082871479136 -0.7014313936918233 -0.6186611462653762; -0.9831283179997523 0.47585285030631125 0.08252797835586735; -0.3402798851369901 -0.3368933702844222 1.0370214235236221; -0.6557082871479132 0.3767393873274882 -0.8560461703453826; 0.39702428346739876 -0.9786610298502205 -0.43508077403411444; 0.12443582250622424 -0.23536696509019908 -1.069005033041736; -0.34027988069513426 0.7412774190472263 0.799636396059741; 0.5989638842023641 -0.7452810909113287 0.6248994603806522; -0.317117118622924 1.0414268434239988 -0.16888016165899813; 0.5097984468143666 0.20999345986036755 0.9537619901055618; 0.39702430897526836 0.7054350801944599 -0.8058747066724069; 0.9013686032254211 -0.13382058016306045 -0.6077950171348364; 0.5989638866395097 0.9388150055857867 0.25410552194431946; 1.0648880359695783 0.05515748640731577 0.25051788869623476]

The following gives a set of vertices for the Koebe realization of J91:
[0.2989994695584528 -0.07449098556454094 1.150953418782877; -0.2989995001211651 0.07449096449536931 -1.1509534184282983; -0.9287086586814354 -0.44869522892653096 0.21222376941833945; -0.4963084753956345 -0.9261664575380125 0.06899058063984109; 0.4963084779573579 0.9261664375456611 -0.06899062433470717; 0.9287086555345039 0.4486952438648657 -0.21222375339812552; -0.8008921341805507 0.19952952169595906 0.7838096099344642; -1.0737656337735761 0.2675115979486221 -0.2665757695775265; 0.29899947546432915 -1.015008810544835 0.41946891794685853; 0.0261259581299172 -0.9470267113972362 -0.6309164600646541; -0.026125895602714166 0.9470267405028631 0.6309164482485433; -0.2989994799352771 1.0150088313961336 -0.4194689038236956; 1.0737656384524727 -0.2675116177036077 0.2665757548977165; 0.8008921379799746 -0.1995295135362392 -0.7838096235742328]

The following gives a set of vertices for the Koebe realization of J92:
[0.04931184520660293 -0.9020402451160116 0.6189570158607763; -0.2680058536696928 -0.6135940386818397 -0.8665398245042424; -0.5853235553380831 -0.3251478284312497 0.8665398298932928; -0.9026412661310579 -0.03670162663651471 -0.6189570178250726; 0.20797069401201582 -1.0462633480416499 -0.24758280579474937; -1.061300114798806 0.10752148966484765 0.24758281399294202; 0.6978475037391074 -0.7415827129060791 0.25119796673650663; -0.5899569678580593 0.42904949357883526 0.7535939145358312; -0.268005854670388 0.1363914372019843 -1.0047918775815734; 0.6267777732431744 -0.30271943272738366 0.8276450552525119; 0.04141008051492047 0.22938795797099387 1.0560076428052292; 0.8553827660339511 -0.5105245909446976 -0.42091651333603286; -0.6444049612709412 0.8528033974000169 0.16417792942424536; 0.41635704650451977 -0.11144402006819915 -0.9918229871095752; -0.49806305325828254 0.7197765253296923 -0.6350911086888305; 0.7655098869851613 0.5917597385160065 0.5833925159478106; 0.9524379799707374 0.42183952071095254 -0.43754441648729664; 0.2047255083269572 1.1015205916697681 -0.14584816933713995]

